{
 "metadata": {
  "language_info": {
   "codemirror_mode": {
    "name": "ipython",
    "version": 3
   },
   "file_extension": ".py",
   "mimetype": "text/x-python",
   "name": "python",
   "nbconvert_exporter": "python",
   "pygments_lexer": "ipython3",
   "version": "3.8.3-final"
  },
  "orig_nbformat": 2,
  "kernelspec": {
   "name": "python38364bitdatacentercondac1d4bda37f37481f98de70392cb4ade1",
   "display_name": "Python 3.8.3 64-bit ('datacenter': conda)"
  }
 },
 "nbformat": 4,
 "nbformat_minor": 2,
 "cells": [
  {
   "cell_type": "markdown",
   "metadata": {},
   "source": [
    "# Chapter3 Multiple Regression analysis\n",
    "----"
   ]
  },
  {
   "cell_type": "markdown",
   "metadata": {},
   "source": [
    "## Initialization\n",
    "***"
   ]
  },
  {
   "cell_type": "markdown",
   "metadata": {},
   "source": [
    "### 초기 개발환경 세팅을 위한 준비 및 데이터 불러오기"
   ]
  },
  {
   "cell_type": "code",
   "execution_count": 2,
   "metadata": {},
   "outputs": [],
   "source": [
    "import numpy as np\n",
    "import pandas as pd\n",
    "import matplotlib.pyplot as plt\n",
    "import matplotlib as mpl\n",
    "from sklearn.datasets import load_boston\n",
    "from sklearn import linear_model\n",
    "%matplotlib inline\n",
    "boston = load_boston()\n",
    "dataset = pd.DataFrame(boston.data, columns=boston.feature_names) # 데이터 Frame화는 필수!!! 첫번째 각각의 새로줄에  columns에 기능 이름들을 였자\n",
    "dataset['target'] = boston.target\n"
   ]
  },
  {
   "cell_type": "markdown",
   "metadata": {},
   "source": [
    "공공 데이터인 sklearn.dataset중에서 load_boston을 불러오자!!!  \n",
    "`from sklearn.datasets import load_boston`  패키지를 불러올 때 모듈 전체를 가져오는게 아니라 변수만 가져오려고 하는 것이다!  \n",
    "밑에 dataFrame의 예제를 통해 모듈사용 법을 익혀보자!!"
   ]
  },
  {
   "cell_type": "code",
   "execution_count": 4,
   "metadata": {},
   "outputs": [
    {
     "output_type": "display_data",
     "data": {
      "text/plain": "   48  49  50\n2   1   2   3\nA   4   5   6\n4   7   8   9",
      "text/html": "<div>\n<style scoped>\n    .dataframe tbody tr th:only-of-type {\n        vertical-align: middle;\n    }\n\n    .dataframe tbody tr th {\n        vertical-align: top;\n    }\n\n    .dataframe thead th {\n        text-align: right;\n    }\n</style>\n<table border=\"1\" class=\"dataframe\">\n  <thead>\n    <tr style=\"text-align: right;\">\n      <th></th>\n      <th>48</th>\n      <th>49</th>\n      <th>50</th>\n    </tr>\n  </thead>\n  <tbody>\n    <tr>\n      <th>2</th>\n      <td>1</td>\n      <td>2</td>\n      <td>3</td>\n    </tr>\n    <tr>\n      <th>A</th>\n      <td>4</td>\n      <td>5</td>\n      <td>6</td>\n    </tr>\n    <tr>\n      <th>4</th>\n      <td>7</td>\n      <td>8</td>\n      <td>9</td>\n    </tr>\n  </tbody>\n</table>\n</div>"
     },
     "metadata": {}
    }
   ],
   "source": [
    "df = pd.DataFrame(data=np.array([[1,2,3],[4,5,6],[7,8,9]]),index=[2, 'A', 4], columns=[48,49,50])\n",
    "display(df)  \n"
   ]
  },
  {
   "cell_type": "code",
   "execution_count": 6,
   "metadata": {},
   "outputs": [],
   "source": [
    "observations = len(dataset) # dataset 길이 측정\n",
    "variables = dataset.columns[:-1] # 세로줄 항목 단어들 불러옴\n",
    "X = dataset.iloc[:,:-1] # iloc : 값보기 -1 하는 이유 마지막 y값 타겟을 빼기 위해\n",
    "y = dataset['target'].values    # target value를 불러와보자"
   ]
  },
  {
   "cell_type": "markdown",
   "metadata": {},
   "source": [
    "이제 X와 y값에 뭐가 저장되어있는지 보자"
   ]
  },
  {
   "cell_type": "code",
   "execution_count": 8,
   "metadata": {},
   "outputs": [
    {
     "output_type": "display_data",
     "data": {
      "text/plain": "        CRIM    ZN  INDUS  CHAS    NOX     RM   AGE     DIS  RAD    TAX  \\\n0    0.00632  18.0   2.31   0.0  0.538  6.575  65.2  4.0900  1.0  296.0   \n1    0.02731   0.0   7.07   0.0  0.469  6.421  78.9  4.9671  2.0  242.0   \n2    0.02729   0.0   7.07   0.0  0.469  7.185  61.1  4.9671  2.0  242.0   \n3    0.03237   0.0   2.18   0.0  0.458  6.998  45.8  6.0622  3.0  222.0   \n4    0.06905   0.0   2.18   0.0  0.458  7.147  54.2  6.0622  3.0  222.0   \n..       ...   ...    ...   ...    ...    ...   ...     ...  ...    ...   \n501  0.06263   0.0  11.93   0.0  0.573  6.593  69.1  2.4786  1.0  273.0   \n502  0.04527   0.0  11.93   0.0  0.573  6.120  76.7  2.2875  1.0  273.0   \n503  0.06076   0.0  11.93   0.0  0.573  6.976  91.0  2.1675  1.0  273.0   \n504  0.10959   0.0  11.93   0.0  0.573  6.794  89.3  2.3889  1.0  273.0   \n505  0.04741   0.0  11.93   0.0  0.573  6.030  80.8  2.5050  1.0  273.0   \n\n     PTRATIO       B  LSTAT  \n0       15.3  396.90   4.98  \n1       17.8  396.90   9.14  \n2       17.8  392.83   4.03  \n3       18.7  394.63   2.94  \n4       18.7  396.90   5.33  \n..       ...     ...    ...  \n501     21.0  391.99   9.67  \n502     21.0  396.90   9.08  \n503     21.0  396.90   5.64  \n504     21.0  393.45   6.48  \n505     21.0  396.90   7.88  \n\n[506 rows x 13 columns]",
      "text/html": "<div>\n<style scoped>\n    .dataframe tbody tr th:only-of-type {\n        vertical-align: middle;\n    }\n\n    .dataframe tbody tr th {\n        vertical-align: top;\n    }\n\n    .dataframe thead th {\n        text-align: right;\n    }\n</style>\n<table border=\"1\" class=\"dataframe\">\n  <thead>\n    <tr style=\"text-align: right;\">\n      <th></th>\n      <th>CRIM</th>\n      <th>ZN</th>\n      <th>INDUS</th>\n      <th>CHAS</th>\n      <th>NOX</th>\n      <th>RM</th>\n      <th>AGE</th>\n      <th>DIS</th>\n      <th>RAD</th>\n      <th>TAX</th>\n      <th>PTRATIO</th>\n      <th>B</th>\n      <th>LSTAT</th>\n    </tr>\n  </thead>\n  <tbody>\n    <tr>\n      <th>0</th>\n      <td>0.00632</td>\n      <td>18.0</td>\n      <td>2.31</td>\n      <td>0.0</td>\n      <td>0.538</td>\n      <td>6.575</td>\n      <td>65.2</td>\n      <td>4.0900</td>\n      <td>1.0</td>\n      <td>296.0</td>\n      <td>15.3</td>\n      <td>396.90</td>\n      <td>4.98</td>\n    </tr>\n    <tr>\n      <th>1</th>\n      <td>0.02731</td>\n      <td>0.0</td>\n      <td>7.07</td>\n      <td>0.0</td>\n      <td>0.469</td>\n      <td>6.421</td>\n      <td>78.9</td>\n      <td>4.9671</td>\n      <td>2.0</td>\n      <td>242.0</td>\n      <td>17.8</td>\n      <td>396.90</td>\n      <td>9.14</td>\n    </tr>\n    <tr>\n      <th>2</th>\n      <td>0.02729</td>\n      <td>0.0</td>\n      <td>7.07</td>\n      <td>0.0</td>\n      <td>0.469</td>\n      <td>7.185</td>\n      <td>61.1</td>\n      <td>4.9671</td>\n      <td>2.0</td>\n      <td>242.0</td>\n      <td>17.8</td>\n      <td>392.83</td>\n      <td>4.03</td>\n    </tr>\n    <tr>\n      <th>3</th>\n      <td>0.03237</td>\n      <td>0.0</td>\n      <td>2.18</td>\n      <td>0.0</td>\n      <td>0.458</td>\n      <td>6.998</td>\n      <td>45.8</td>\n      <td>6.0622</td>\n      <td>3.0</td>\n      <td>222.0</td>\n      <td>18.7</td>\n      <td>394.63</td>\n      <td>2.94</td>\n    </tr>\n    <tr>\n      <th>4</th>\n      <td>0.06905</td>\n      <td>0.0</td>\n      <td>2.18</td>\n      <td>0.0</td>\n      <td>0.458</td>\n      <td>7.147</td>\n      <td>54.2</td>\n      <td>6.0622</td>\n      <td>3.0</td>\n      <td>222.0</td>\n      <td>18.7</td>\n      <td>396.90</td>\n      <td>5.33</td>\n    </tr>\n    <tr>\n      <th>...</th>\n      <td>...</td>\n      <td>...</td>\n      <td>...</td>\n      <td>...</td>\n      <td>...</td>\n      <td>...</td>\n      <td>...</td>\n      <td>...</td>\n      <td>...</td>\n      <td>...</td>\n      <td>...</td>\n      <td>...</td>\n      <td>...</td>\n    </tr>\n    <tr>\n      <th>501</th>\n      <td>0.06263</td>\n      <td>0.0</td>\n      <td>11.93</td>\n      <td>0.0</td>\n      <td>0.573</td>\n      <td>6.593</td>\n      <td>69.1</td>\n      <td>2.4786</td>\n      <td>1.0</td>\n      <td>273.0</td>\n      <td>21.0</td>\n      <td>391.99</td>\n      <td>9.67</td>\n    </tr>\n    <tr>\n      <th>502</th>\n      <td>0.04527</td>\n      <td>0.0</td>\n      <td>11.93</td>\n      <td>0.0</td>\n      <td>0.573</td>\n      <td>6.120</td>\n      <td>76.7</td>\n      <td>2.2875</td>\n      <td>1.0</td>\n      <td>273.0</td>\n      <td>21.0</td>\n      <td>396.90</td>\n      <td>9.08</td>\n    </tr>\n    <tr>\n      <th>503</th>\n      <td>0.06076</td>\n      <td>0.0</td>\n      <td>11.93</td>\n      <td>0.0</td>\n      <td>0.573</td>\n      <td>6.976</td>\n      <td>91.0</td>\n      <td>2.1675</td>\n      <td>1.0</td>\n      <td>273.0</td>\n      <td>21.0</td>\n      <td>396.90</td>\n      <td>5.64</td>\n    </tr>\n    <tr>\n      <th>504</th>\n      <td>0.10959</td>\n      <td>0.0</td>\n      <td>11.93</td>\n      <td>0.0</td>\n      <td>0.573</td>\n      <td>6.794</td>\n      <td>89.3</td>\n      <td>2.3889</td>\n      <td>1.0</td>\n      <td>273.0</td>\n      <td>21.0</td>\n      <td>393.45</td>\n      <td>6.48</td>\n    </tr>\n    <tr>\n      <th>505</th>\n      <td>0.04741</td>\n      <td>0.0</td>\n      <td>11.93</td>\n      <td>0.0</td>\n      <td>0.573</td>\n      <td>6.030</td>\n      <td>80.8</td>\n      <td>2.5050</td>\n      <td>1.0</td>\n      <td>273.0</td>\n      <td>21.0</td>\n      <td>396.90</td>\n      <td>7.88</td>\n    </tr>\n  </tbody>\n</table>\n<p>506 rows × 13 columns</p>\n</div>"
     },
     "metadata": {}
    },
    {
     "output_type": "display_data",
     "data": {
      "text/plain": "array([24. , 21.6, 34.7, 33.4, 36.2, 28.7, 22.9, 27.1, 16.5, 18.9, 15. ,\n       18.9, 21.7, 20.4, 18.2, 19.9, 23.1, 17.5, 20.2, 18.2, 13.6, 19.6,\n       15.2, 14.5, 15.6, 13.9, 16.6, 14.8, 18.4, 21. , 12.7, 14.5, 13.2,\n       13.1, 13.5, 18.9, 20. , 21. , 24.7, 30.8, 34.9, 26.6, 25.3, 24.7,\n       21.2, 19.3, 20. , 16.6, 14.4, 19.4, 19.7, 20.5, 25. , 23.4, 18.9,\n       35.4, 24.7, 31.6, 23.3, 19.6, 18.7, 16. , 22.2, 25. , 33. , 23.5,\n       19.4, 22. , 17.4, 20.9, 24.2, 21.7, 22.8, 23.4, 24.1, 21.4, 20. ,\n       20.8, 21.2, 20.3, 28. , 23.9, 24.8, 22.9, 23.9, 26.6, 22.5, 22.2,\n       23.6, 28.7, 22.6, 22. , 22.9, 25. , 20.6, 28.4, 21.4, 38.7, 43.8,\n       33.2, 27.5, 26.5, 18.6, 19.3, 20.1, 19.5, 19.5, 20.4, 19.8, 19.4,\n       21.7, 22.8, 18.8, 18.7, 18.5, 18.3, 21.2, 19.2, 20.4, 19.3, 22. ,\n       20.3, 20.5, 17.3, 18.8, 21.4, 15.7, 16.2, 18. , 14.3, 19.2, 19.6,\n       23. , 18.4, 15.6, 18.1, 17.4, 17.1, 13.3, 17.8, 14. , 14.4, 13.4,\n       15.6, 11.8, 13.8, 15.6, 14.6, 17.8, 15.4, 21.5, 19.6, 15.3, 19.4,\n       17. , 15.6, 13.1, 41.3, 24.3, 23.3, 27. , 50. , 50. , 50. , 22.7,\n       25. , 50. , 23.8, 23.8, 22.3, 17.4, 19.1, 23.1, 23.6, 22.6, 29.4,\n       23.2, 24.6, 29.9, 37.2, 39.8, 36.2, 37.9, 32.5, 26.4, 29.6, 50. ,\n       32. , 29.8, 34.9, 37. , 30.5, 36.4, 31.1, 29.1, 50. , 33.3, 30.3,\n       34.6, 34.9, 32.9, 24.1, 42.3, 48.5, 50. , 22.6, 24.4, 22.5, 24.4,\n       20. , 21.7, 19.3, 22.4, 28.1, 23.7, 25. , 23.3, 28.7, 21.5, 23. ,\n       26.7, 21.7, 27.5, 30.1, 44.8, 50. , 37.6, 31.6, 46.7, 31.5, 24.3,\n       31.7, 41.7, 48.3, 29. , 24. , 25.1, 31.5, 23.7, 23.3, 22. , 20.1,\n       22.2, 23.7, 17.6, 18.5, 24.3, 20.5, 24.5, 26.2, 24.4, 24.8, 29.6,\n       42.8, 21.9, 20.9, 44. , 50. , 36. , 30.1, 33.8, 43.1, 48.8, 31. ,\n       36.5, 22.8, 30.7, 50. , 43.5, 20.7, 21.1, 25.2, 24.4, 35.2, 32.4,\n       32. , 33.2, 33.1, 29.1, 35.1, 45.4, 35.4, 46. , 50. , 32.2, 22. ,\n       20.1, 23.2, 22.3, 24.8, 28.5, 37.3, 27.9, 23.9, 21.7, 28.6, 27.1,\n       20.3, 22.5, 29. , 24.8, 22. , 26.4, 33.1, 36.1, 28.4, 33.4, 28.2,\n       22.8, 20.3, 16.1, 22.1, 19.4, 21.6, 23.8, 16.2, 17.8, 19.8, 23.1,\n       21. , 23.8, 23.1, 20.4, 18.5, 25. , 24.6, 23. , 22.2, 19.3, 22.6,\n       19.8, 17.1, 19.4, 22.2, 20.7, 21.1, 19.5, 18.5, 20.6, 19. , 18.7,\n       32.7, 16.5, 23.9, 31.2, 17.5, 17.2, 23.1, 24.5, 26.6, 22.9, 24.1,\n       18.6, 30.1, 18.2, 20.6, 17.8, 21.7, 22.7, 22.6, 25. , 19.9, 20.8,\n       16.8, 21.9, 27.5, 21.9, 23.1, 50. , 50. , 50. , 50. , 50. , 13.8,\n       13.8, 15. , 13.9, 13.3, 13.1, 10.2, 10.4, 10.9, 11.3, 12.3,  8.8,\n        7.2, 10.5,  7.4, 10.2, 11.5, 15.1, 23.2,  9.7, 13.8, 12.7, 13.1,\n       12.5,  8.5,  5. ,  6.3,  5.6,  7.2, 12.1,  8.3,  8.5,  5. , 11.9,\n       27.9, 17.2, 27.5, 15. , 17.2, 17.9, 16.3,  7. ,  7.2,  7.5, 10.4,\n        8.8,  8.4, 16.7, 14.2, 20.8, 13.4, 11.7,  8.3, 10.2, 10.9, 11. ,\n        9.5, 14.5, 14.1, 16.1, 14.3, 11.7, 13.4,  9.6,  8.7,  8.4, 12.8,\n       10.5, 17.1, 18.4, 15.4, 10.8, 11.8, 14.9, 12.6, 14.1, 13. , 13.4,\n       15.2, 16.1, 17.8, 14.9, 14.1, 12.7, 13.5, 14.9, 20. , 16.4, 17.7,\n       19.5, 20.2, 21.4, 19.9, 19. , 19.1, 19.1, 20.1, 19.9, 19.6, 23.2,\n       29.8, 13.8, 13.3, 16.7, 12. , 14.6, 21.4, 23. , 23.7, 25. , 21.8,\n       20.6, 21.2, 19.1, 20.6, 15.2,  7. ,  8.1, 13.6, 20.1, 21.8, 24.5,\n       23.1, 19.7, 18.3, 21.2, 17.5, 16.8, 22.4, 20.6, 23.9, 22. , 11.9])"
     },
     "metadata": {}
    }
   ],
   "source": [
    "display(X)\n",
    "display(y)"
   ]
  },
  {
   "cell_type": "markdown",
   "metadata": {},
   "source": [
    "X값에는 각 항목별로 특징들이 나타나고\n",
    "y값에는 X값을 구할때 뺀 마지막 column 값들이 저장되어있다."
   ]
  },
  {
   "cell_type": "markdown",
   "metadata": {},
   "source": [
    "ix -> iloc  \n",
    " [[:,:]] -> row, column 둘다 전부 불러오겠다.  \n",
    " [[:,:-1]] -> row, column -1 을 전부 불러오겠다.(target값을 빼기 위해) "
   ]
  },
  {
   "cell_type": "markdown",
   "metadata": {},
   "source": [
    "## Using multiple features"
   ]
  },
  {
   "cell_type": "code",
   "execution_count": 10,
   "metadata": {},
   "outputs": [],
   "source": [
    "import statsmodels.api as sm            \n",
    "import statsmodels.formula.api as smf\n",
    "Xc = sm.add_constant(X)   # X데이타를 api에 였자\n",
    "linear_regression = sm.OLS(y,Xc)\n",
    "fitted_model = linear_regression.fit()"
   ]
  },
  {
   "cell_type": "markdown",
   "metadata": {},
   "source": [
    "앞에서 Statsmodels를 사용한 것처럼 패키지에서 필요한 모듈을 다시 로드(하나는 행렬로, 다른 하나는 수식으로 작업)  \n",
    "api 사용하니 이마이 편하다....  \n"
   ]
  },
  {
   "cell_type": "code",
   "execution_count": 12,
   "metadata": {},
   "outputs": [
    {
     "output_type": "execute_result",
     "data": {
      "text/plain": "<class 'statsmodels.iolib.summary.Summary'>\n\"\"\"\n                            OLS Regression Results                            \n==============================================================================\nDep. Variable:                      y   R-squared:                       0.741\nModel:                            OLS   Adj. R-squared:                  0.734\nMethod:                 Least Squares   F-statistic:                     108.1\nDate:                Thu, 13 Aug 2020   Prob (F-statistic):          6.72e-135\nTime:                        15:10:05   Log-Likelihood:                -1498.8\nNo. Observations:                 506   AIC:                             3026.\nDf Residuals:                     492   BIC:                             3085.\nDf Model:                          13                                         \nCovariance Type:            nonrobust                                         \n==============================================================================\n                 coef    std err          t      P>|t|      [0.025      0.975]\n------------------------------------------------------------------------------\nconst         36.4595      5.103      7.144      0.000      26.432      46.487\nCRIM          -0.1080      0.033     -3.287      0.001      -0.173      -0.043\nZN             0.0464      0.014      3.382      0.001       0.019       0.073\nINDUS          0.0206      0.061      0.334      0.738      -0.100       0.141\nCHAS           2.6867      0.862      3.118      0.002       0.994       4.380\nNOX          -17.7666      3.820     -4.651      0.000     -25.272     -10.262\nRM             3.8099      0.418      9.116      0.000       2.989       4.631\nAGE            0.0007      0.013      0.052      0.958      -0.025       0.027\nDIS           -1.4756      0.199     -7.398      0.000      -1.867      -1.084\nRAD            0.3060      0.066      4.613      0.000       0.176       0.436\nTAX           -0.0123      0.004     -3.280      0.001      -0.020      -0.005\nPTRATIO       -0.9527      0.131     -7.283      0.000      -1.210      -0.696\nB              0.0093      0.003      3.467      0.001       0.004       0.015\nLSTAT         -0.5248      0.051    -10.347      0.000      -0.624      -0.425\n==============================================================================\nOmnibus:                      178.041   Durbin-Watson:                   1.078\nProb(Omnibus):                  0.000   Jarque-Bera (JB):              783.126\nSkew:                           1.521   Prob(JB):                    8.84e-171\nKurtosis:                       8.281   Cond. No.                     1.51e+04\n==============================================================================\n\nWarnings:\n[1] Standard Errors assume that the covariance matrix of the errors is correctly specified.\n[2] The condition number is large, 1.51e+04. This might indicate that there are\nstrong multicollinearity or other numerical problems.\n\"\"\"",
      "text/html": "<table class=\"simpletable\">\n<caption>OLS Regression Results</caption>\n<tr>\n  <th>Dep. Variable:</th>            <td>y</td>        <th>  R-squared:         </th> <td>   0.741</td> \n</tr>\n<tr>\n  <th>Model:</th>                   <td>OLS</td>       <th>  Adj. R-squared:    </th> <td>   0.734</td> \n</tr>\n<tr>\n  <th>Method:</th>             <td>Least Squares</td>  <th>  F-statistic:       </th> <td>   108.1</td> \n</tr>\n<tr>\n  <th>Date:</th>             <td>Thu, 13 Aug 2020</td> <th>  Prob (F-statistic):</th> <td>6.72e-135</td>\n</tr>\n<tr>\n  <th>Time:</th>                 <td>15:10:05</td>     <th>  Log-Likelihood:    </th> <td> -1498.8</td> \n</tr>\n<tr>\n  <th>No. Observations:</th>      <td>   506</td>      <th>  AIC:               </th> <td>   3026.</td> \n</tr>\n<tr>\n  <th>Df Residuals:</th>          <td>   492</td>      <th>  BIC:               </th> <td>   3085.</td> \n</tr>\n<tr>\n  <th>Df Model:</th>              <td>    13</td>      <th>                     </th>     <td> </td>    \n</tr>\n<tr>\n  <th>Covariance Type:</th>      <td>nonrobust</td>    <th>                     </th>     <td> </td>    \n</tr>\n</table>\n<table class=\"simpletable\">\n<tr>\n     <td></td>        <th>coef</th>     <th>std err</th>      <th>t</th>      <th>P>|t|</th>  <th>[0.025</th>    <th>0.975]</th>  \n</tr>\n<tr>\n  <th>const</th>   <td>   36.4595</td> <td>    5.103</td> <td>    7.144</td> <td> 0.000</td> <td>   26.432</td> <td>   46.487</td>\n</tr>\n<tr>\n  <th>CRIM</th>    <td>   -0.1080</td> <td>    0.033</td> <td>   -3.287</td> <td> 0.001</td> <td>   -0.173</td> <td>   -0.043</td>\n</tr>\n<tr>\n  <th>ZN</th>      <td>    0.0464</td> <td>    0.014</td> <td>    3.382</td> <td> 0.001</td> <td>    0.019</td> <td>    0.073</td>\n</tr>\n<tr>\n  <th>INDUS</th>   <td>    0.0206</td> <td>    0.061</td> <td>    0.334</td> <td> 0.738</td> <td>   -0.100</td> <td>    0.141</td>\n</tr>\n<tr>\n  <th>CHAS</th>    <td>    2.6867</td> <td>    0.862</td> <td>    3.118</td> <td> 0.002</td> <td>    0.994</td> <td>    4.380</td>\n</tr>\n<tr>\n  <th>NOX</th>     <td>  -17.7666</td> <td>    3.820</td> <td>   -4.651</td> <td> 0.000</td> <td>  -25.272</td> <td>  -10.262</td>\n</tr>\n<tr>\n  <th>RM</th>      <td>    3.8099</td> <td>    0.418</td> <td>    9.116</td> <td> 0.000</td> <td>    2.989</td> <td>    4.631</td>\n</tr>\n<tr>\n  <th>AGE</th>     <td>    0.0007</td> <td>    0.013</td> <td>    0.052</td> <td> 0.958</td> <td>   -0.025</td> <td>    0.027</td>\n</tr>\n<tr>\n  <th>DIS</th>     <td>   -1.4756</td> <td>    0.199</td> <td>   -7.398</td> <td> 0.000</td> <td>   -1.867</td> <td>   -1.084</td>\n</tr>\n<tr>\n  <th>RAD</th>     <td>    0.3060</td> <td>    0.066</td> <td>    4.613</td> <td> 0.000</td> <td>    0.176</td> <td>    0.436</td>\n</tr>\n<tr>\n  <th>TAX</th>     <td>   -0.0123</td> <td>    0.004</td> <td>   -3.280</td> <td> 0.001</td> <td>   -0.020</td> <td>   -0.005</td>\n</tr>\n<tr>\n  <th>PTRATIO</th> <td>   -0.9527</td> <td>    0.131</td> <td>   -7.283</td> <td> 0.000</td> <td>   -1.210</td> <td>   -0.696</td>\n</tr>\n<tr>\n  <th>B</th>       <td>    0.0093</td> <td>    0.003</td> <td>    3.467</td> <td> 0.001</td> <td>    0.004</td> <td>    0.015</td>\n</tr>\n<tr>\n  <th>LSTAT</th>   <td>   -0.5248</td> <td>    0.051</td> <td>  -10.347</td> <td> 0.000</td> <td>   -0.624</td> <td>   -0.425</td>\n</tr>\n</table>\n<table class=\"simpletable\">\n<tr>\n  <th>Omnibus:</th>       <td>178.041</td> <th>  Durbin-Watson:     </th> <td>   1.078</td> \n</tr>\n<tr>\n  <th>Prob(Omnibus):</th> <td> 0.000</td>  <th>  Jarque-Bera (JB):  </th> <td> 783.126</td> \n</tr>\n<tr>\n  <th>Skew:</th>          <td> 1.521</td>  <th>  Prob(JB):          </th> <td>8.84e-171</td>\n</tr>\n<tr>\n  <th>Kurtosis:</th>      <td> 8.281</td>  <th>  Cond. No.          </th> <td>1.51e+04</td> \n</tr>\n</table><br/><br/>Warnings:<br/>[1] Standard Errors assume that the covariance matrix of the errors is correctly specified.<br/>[2] The condition number is large, 1.51e+04. This might indicate that there are<br/>strong multicollinearity or other numerical problems."
     },
     "metadata": {},
     "execution_count": 12
    }
   ],
   "source": [
    "fitted_model.summary()"
   ]
  },
  {
   "cell_type": "markdown",
   "metadata": {},
   "source": [
    "여기서 R-squared와 Adj R-squared를 살펴 보아야한다.   \n",
    "**R-squared** : 회귀선이 얼마나 적합하게 모델링이 되어 있는지를 유추해서 볼수 있게한다.  \n",
    "　  \n",
    "R-square : $$ R^2=\\frac{SSR}{SST} = 1 - \\frac{SSE}{SST}$$이다.  \n",
    "여기서 `SSE`는 `Sum of Square Error`로 회귀식과 실제값의 차이를 의미한다. "
   ]
  },
  {
   "cell_type": "markdown",
   "metadata": {},
   "source": [
    "### Correlation matrix"
   ]
  },
  {
   "cell_type": "code",
   "execution_count": 14,
   "metadata": {
    "tags": []
   },
   "outputs": [
    {
     "output_type": "execute_result",
     "data": {
      "text/plain": "             CRIM        ZN     INDUS      CHAS       NOX        RM       AGE  \\\nCRIM     1.000000 -0.200469  0.406583 -0.055892  0.420972 -0.219247  0.352734   \nZN      -0.200469  1.000000 -0.533828 -0.042697 -0.516604  0.311991 -0.569537   \nINDUS    0.406583 -0.533828  1.000000  0.062938  0.763651 -0.391676  0.644779   \nCHAS    -0.055892 -0.042697  0.062938  1.000000  0.091203  0.091251  0.086518   \nNOX      0.420972 -0.516604  0.763651  0.091203  1.000000 -0.302188  0.731470   \nRM      -0.219247  0.311991 -0.391676  0.091251 -0.302188  1.000000 -0.240265   \nAGE      0.352734 -0.569537  0.644779  0.086518  0.731470 -0.240265  1.000000   \nDIS     -0.379670  0.664408 -0.708027 -0.099176 -0.769230  0.205246 -0.747881   \nRAD      0.625505 -0.311948  0.595129 -0.007368  0.611441 -0.209847  0.456022   \nTAX      0.582764 -0.314563  0.720760 -0.035587  0.668023 -0.292048  0.506456   \nPTRATIO  0.289946 -0.391679  0.383248 -0.121515  0.188933 -0.355501  0.261515   \nB       -0.385064  0.175520 -0.356977  0.048788 -0.380051  0.128069 -0.273534   \nLSTAT    0.455621 -0.412995  0.603800 -0.053929  0.590879 -0.613808  0.602339   \n\n              DIS       RAD       TAX   PTRATIO         B     LSTAT  \nCRIM    -0.379670  0.625505  0.582764  0.289946 -0.385064  0.455621  \nZN       0.664408 -0.311948 -0.314563 -0.391679  0.175520 -0.412995  \nINDUS   -0.708027  0.595129  0.720760  0.383248 -0.356977  0.603800  \nCHAS    -0.099176 -0.007368 -0.035587 -0.121515  0.048788 -0.053929  \nNOX     -0.769230  0.611441  0.668023  0.188933 -0.380051  0.590879  \nRM       0.205246 -0.209847 -0.292048 -0.355501  0.128069 -0.613808  \nAGE     -0.747881  0.456022  0.506456  0.261515 -0.273534  0.602339  \nDIS      1.000000 -0.494588 -0.534432 -0.232471  0.291512 -0.496996  \nRAD     -0.494588  1.000000  0.910228  0.464741 -0.444413  0.488676  \nTAX     -0.534432  0.910228  1.000000  0.460853 -0.441808  0.543993  \nPTRATIO -0.232471  0.464741  0.460853  1.000000 -0.177383  0.374044  \nB        0.291512 -0.444413 -0.441808 -0.177383  1.000000 -0.366087  \nLSTAT   -0.496996  0.488676  0.543993  0.374044 -0.366087  1.000000  ",
      "text/html": "<div>\n<style scoped>\n    .dataframe tbody tr th:only-of-type {\n        vertical-align: middle;\n    }\n\n    .dataframe tbody tr th {\n        vertical-align: top;\n    }\n\n    .dataframe thead th {\n        text-align: right;\n    }\n</style>\n<table border=\"1\" class=\"dataframe\">\n  <thead>\n    <tr style=\"text-align: right;\">\n      <th></th>\n      <th>CRIM</th>\n      <th>ZN</th>\n      <th>INDUS</th>\n      <th>CHAS</th>\n      <th>NOX</th>\n      <th>RM</th>\n      <th>AGE</th>\n      <th>DIS</th>\n      <th>RAD</th>\n      <th>TAX</th>\n      <th>PTRATIO</th>\n      <th>B</th>\n      <th>LSTAT</th>\n    </tr>\n  </thead>\n  <tbody>\n    <tr>\n      <th>CRIM</th>\n      <td>1.000000</td>\n      <td>-0.200469</td>\n      <td>0.406583</td>\n      <td>-0.055892</td>\n      <td>0.420972</td>\n      <td>-0.219247</td>\n      <td>0.352734</td>\n      <td>-0.379670</td>\n      <td>0.625505</td>\n      <td>0.582764</td>\n      <td>0.289946</td>\n      <td>-0.385064</td>\n      <td>0.455621</td>\n    </tr>\n    <tr>\n      <th>ZN</th>\n      <td>-0.200469</td>\n      <td>1.000000</td>\n      <td>-0.533828</td>\n      <td>-0.042697</td>\n      <td>-0.516604</td>\n      <td>0.311991</td>\n      <td>-0.569537</td>\n      <td>0.664408</td>\n      <td>-0.311948</td>\n      <td>-0.314563</td>\n      <td>-0.391679</td>\n      <td>0.175520</td>\n      <td>-0.412995</td>\n    </tr>\n    <tr>\n      <th>INDUS</th>\n      <td>0.406583</td>\n      <td>-0.533828</td>\n      <td>1.000000</td>\n      <td>0.062938</td>\n      <td>0.763651</td>\n      <td>-0.391676</td>\n      <td>0.644779</td>\n      <td>-0.708027</td>\n      <td>0.595129</td>\n      <td>0.720760</td>\n      <td>0.383248</td>\n      <td>-0.356977</td>\n      <td>0.603800</td>\n    </tr>\n    <tr>\n      <th>CHAS</th>\n      <td>-0.055892</td>\n      <td>-0.042697</td>\n      <td>0.062938</td>\n      <td>1.000000</td>\n      <td>0.091203</td>\n      <td>0.091251</td>\n      <td>0.086518</td>\n      <td>-0.099176</td>\n      <td>-0.007368</td>\n      <td>-0.035587</td>\n      <td>-0.121515</td>\n      <td>0.048788</td>\n      <td>-0.053929</td>\n    </tr>\n    <tr>\n      <th>NOX</th>\n      <td>0.420972</td>\n      <td>-0.516604</td>\n      <td>0.763651</td>\n      <td>0.091203</td>\n      <td>1.000000</td>\n      <td>-0.302188</td>\n      <td>0.731470</td>\n      <td>-0.769230</td>\n      <td>0.611441</td>\n      <td>0.668023</td>\n      <td>0.188933</td>\n      <td>-0.380051</td>\n      <td>0.590879</td>\n    </tr>\n    <tr>\n      <th>RM</th>\n      <td>-0.219247</td>\n      <td>0.311991</td>\n      <td>-0.391676</td>\n      <td>0.091251</td>\n      <td>-0.302188</td>\n      <td>1.000000</td>\n      <td>-0.240265</td>\n      <td>0.205246</td>\n      <td>-0.209847</td>\n      <td>-0.292048</td>\n      <td>-0.355501</td>\n      <td>0.128069</td>\n      <td>-0.613808</td>\n    </tr>\n    <tr>\n      <th>AGE</th>\n      <td>0.352734</td>\n      <td>-0.569537</td>\n      <td>0.644779</td>\n      <td>0.086518</td>\n      <td>0.731470</td>\n      <td>-0.240265</td>\n      <td>1.000000</td>\n      <td>-0.747881</td>\n      <td>0.456022</td>\n      <td>0.506456</td>\n      <td>0.261515</td>\n      <td>-0.273534</td>\n      <td>0.602339</td>\n    </tr>\n    <tr>\n      <th>DIS</th>\n      <td>-0.379670</td>\n      <td>0.664408</td>\n      <td>-0.708027</td>\n      <td>-0.099176</td>\n      <td>-0.769230</td>\n      <td>0.205246</td>\n      <td>-0.747881</td>\n      <td>1.000000</td>\n      <td>-0.494588</td>\n      <td>-0.534432</td>\n      <td>-0.232471</td>\n      <td>0.291512</td>\n      <td>-0.496996</td>\n    </tr>\n    <tr>\n      <th>RAD</th>\n      <td>0.625505</td>\n      <td>-0.311948</td>\n      <td>0.595129</td>\n      <td>-0.007368</td>\n      <td>0.611441</td>\n      <td>-0.209847</td>\n      <td>0.456022</td>\n      <td>-0.494588</td>\n      <td>1.000000</td>\n      <td>0.910228</td>\n      <td>0.464741</td>\n      <td>-0.444413</td>\n      <td>0.488676</td>\n    </tr>\n    <tr>\n      <th>TAX</th>\n      <td>0.582764</td>\n      <td>-0.314563</td>\n      <td>0.720760</td>\n      <td>-0.035587</td>\n      <td>0.668023</td>\n      <td>-0.292048</td>\n      <td>0.506456</td>\n      <td>-0.534432</td>\n      <td>0.910228</td>\n      <td>1.000000</td>\n      <td>0.460853</td>\n      <td>-0.441808</td>\n      <td>0.543993</td>\n    </tr>\n    <tr>\n      <th>PTRATIO</th>\n      <td>0.289946</td>\n      <td>-0.391679</td>\n      <td>0.383248</td>\n      <td>-0.121515</td>\n      <td>0.188933</td>\n      <td>-0.355501</td>\n      <td>0.261515</td>\n      <td>-0.232471</td>\n      <td>0.464741</td>\n      <td>0.460853</td>\n      <td>1.000000</td>\n      <td>-0.177383</td>\n      <td>0.374044</td>\n    </tr>\n    <tr>\n      <th>B</th>\n      <td>-0.385064</td>\n      <td>0.175520</td>\n      <td>-0.356977</td>\n      <td>0.048788</td>\n      <td>-0.380051</td>\n      <td>0.128069</td>\n      <td>-0.273534</td>\n      <td>0.291512</td>\n      <td>-0.444413</td>\n      <td>-0.441808</td>\n      <td>-0.177383</td>\n      <td>1.000000</td>\n      <td>-0.366087</td>\n    </tr>\n    <tr>\n      <th>LSTAT</th>\n      <td>0.455621</td>\n      <td>-0.412995</td>\n      <td>0.603800</td>\n      <td>-0.053929</td>\n      <td>0.590879</td>\n      <td>-0.613808</td>\n      <td>0.602339</td>\n      <td>-0.496996</td>\n      <td>0.488676</td>\n      <td>0.543993</td>\n      <td>0.374044</td>\n      <td>-0.366087</td>\n      <td>1.000000</td>\n    </tr>\n  </tbody>\n</table>\n</div>"
     },
     "metadata": {},
     "execution_count": 14
    }
   ],
   "source": [
    "correlation_matrix = X.corr()\n",
    "correlation_matrix"
   ]
  },
  {
   "cell_type": "markdown",
   "metadata": {},
   "source": [
    "** 추신수 jupyter note book에서는 저장된 행렬이나 벡터가 있으면 print를 통해서 뽑기 보다 변수명을 입력하는 것 또는 display()를 통해 보는 것이 가독성 좋게 나옴 **"
   ]
  },
  {
   "cell_type": "code",
   "execution_count": 16,
   "metadata": {},
   "outputs": [
    {
     "output_type": "display_data",
     "data": {
      "text/plain": "<Figure size 432x288 with 2 Axes>",
